    1    4783       Data/single  5131450974208 1073741824  5132524716032    6714 26590046978048   0.01
    1    4794       Data/single  5143262134272 1073741824  5144335876096    6715 26591120719872   1.77
    1    4796       Data/single  5145409617920 1073741824  5146483359744    6716 26592194461696   0.01
    1    4806       Data/single  5156147036160 1073741824  5157220777984    6717 26593268203520   1.82
    1    4807       Data/single  5157220777984 1073741824  5158294519808    6718 26594341945344   0.01
    1    4808       Data/single  5158294519808 1073741824  5159368261632    6719 26595415687168   1.48
    1    4810       Data/single  5160442003456 1073741824  5161515745280    6720 26596489428992   0.01
    1    4836       Data/single  5188359290880 1073741824  5189433032704    6721 26597563170816   1.24
    1    4840       Data/single  5192654258176 1073741824  5193728000000    6722 26598636912640   0.01
    1    4851       Data/single  5204465418240 1073741824  5205539160064    6723 26599710654464   1.29
    1    4858       Data/single  5211981611008 1073741824  5213055352832    6724 26600784396288   0.01
    1    4863       Data/single  5217350320128 1073741824  5218424061952    6725 26601858138112   2.07
    1    4865       Data/single  5219497803776 1073741824  5220571545600    6726 26602931879936   0.02
    1    4871       Data/single  5225940254720 1073741824  5227013996544    6727 26604005621760   0.00
    1    4877       Data/single  5232382705664 1073741824  5233456447488    6728 26605079363584   0.87
    1    4887       Data/single  5243120123904 1073741824  5244193865728    6729 26606153105408   0.01
    1    4889       Data/single  5245267607552 1073741824  5246341349376    6730 26607226847232   2.89
    1    4891       Data/single  5247415091200 1073741824  5248488833024    6731 26608300589056   0.02
    1    4893       Data/single  5249562574848 1073741824  5250636316672    6732 26609374330880   0.00
    1    4895       Data/single  5251710058496 1073741824  5252783800320    6733 26610448072704   1.39
    1    4897       Data/single  5253857542144 1073741824  5254931283968    6734 26611521814528   0.01
    1    4904       Data/single  5261373734912 1073741824  5262447476736    6735 26612595556352   0.00
    1    4906       Data/single  5263521218560 1073741824  5264594960384    6736 26613669298176   4.20
    1    4915       Data/single  5273184894976 1073741824  5274258636800    6737 26614743040000   0.01
    1    4920       Data/single  5278553604096 1073741824  5279627345920    6738 26615816781824   1.04
    1    4927       Data/single  5286069796864 1073741824  5287143538688    6739 26616890523648   0.01
    1    4929       Data/single  5288217280512 1073741824  5289291022336    6740 26617964265472   0.83
    1    4931       Data/single  5290364764160 1073741824  5291438505984    6741 26619038007296   0.01
    1    4949       Data/single  5309692116992 1073741824  5310765858816    6742 26620111749120   2.60
    1    4953       Data/single  5313987084288 1073741824  5315060826112    6743 26621185490944   0.01
    1    4957       Data/single  5318282051584 1073741824  5319355793408    6744 26622259232768   0.59
    1    4983       Data/single  5346199339008 1073741824  5347273080832    6745 26623332974592   0.01
    1    4985       Data/single  5348346822656 1073741824  5349420564480    6746 26624406716416   0.74
    1    4991       Data/single  5354789273600 1073741824  5355863015424    6747 26625480458240   0.01
    1    4994       Data/single  5358010499072 1073741824  5359084240896    6748 26626554200064   0.56
    1    4996       Data/single  5360157982720 1073741824  5361231724544    6749 26627627941888   0.01
    1    5005       Data/single  5369821659136 1073741824  5370895400960    6750 26628701683712   0.63
    1    5011       Data/single  5376264110080 1073741824  5377337851904    6751 26629775425536   0.01
    1    5012       Data/single  5377337851904 1073741824  5378411593728    6752 26630849167360   0.51
    1    5019       Data/single  5384854044672 1073741824  5385927786496    6753 26631922909184   0.00
    1    5022       Data/single  5388075270144 1073741824  5389149011968    6754 26632996651008   0.52
    1    5032       Data/single  5398812688384 1073741824  5399886430208    6755 26634070392832   0.01
    1    5033       Data/single  5399886430208 1073741824  5400960172032    6756 26635144134656   0.47
    1    5034       Data/single  5400960172032 1073741824  5402033913856    6757 26636217876480   0.01
    1    5035       Data/single  5402033913856 1073741824  5403107655680    6758 26637291618304   0.89
    1    5040       Data/single  5407402622976 1073741824  5408476364800    6759 26638365360128   0.01
    1    5041       Data/single  5408476364800 1073741824  5409550106624    6760 26639439101952   0.00
    1    5042       Data/single  5409550106624 1073741824  5410623848448    6761 26640512843776   2.92
    1    5043       Data/single  5410623848448 1073741824  5411697590272    6762 26641586585600   0.01
    1    5044       Data/single  5411697590272 1073741824  5412771332096    6763 26642660327424   0.00
    1    5051       Data/single  5419213783040 1073741824  5420287524864    6764 26643734069248   0.77
    1    5058       Data/single  5426729975808 1073741824  5427803717632    6765 26644807811072   0.00
    1    5061       Data/single  5429951201280 1073741824  5431024943104    6766 26645881552896   0.35
    1    5075       Data/single  5444983586816 1073741824  5446057328640    6767 26646955294720   0.01
    1    5082       Data/single  5452499779584 1073741824  5453573521408    6768 26648029036544   0.82
    1    5088       Data/single  5458942230528 1073741824  5460015972352    6769 26649102778368   0.01
    1    5092       Data/single  5463237197824 1073741824  5464310939648    6770 26650176520192   0.79
    1    5093       Data/single  5464310939648 1073741824  5465384681472    6771 26651250262016   0.01
    1    5095       Data/single  5466458423296 1073741824  5467532165120    6772 26652324003840   0.32
    1    5097       Data/single  5468605906944 1073741824  5469679648768    6773 26653397745664   0.01
    1    5104       Data/single  5476122099712 1073741824  5477195841536    6774 26654471487488   0.36
    1    5110       Data/single  5482564550656 1073741824  5483638292480    6775 26655545229312   0.01
    1    5112       Data/single  5484712034304 1073741824  5485785776128    6776 26656618971136   0.42
    1    5113       Data/single  5485785776128 1073741824  5486859517952    6777 26657692712960   0.01
    1    5115       Data/single  5487933259776 1073741824  5489007001600    6778 26658766454784   0.75
    1    5118       Data/single  5491154485248 1073741824  5492228227072    6779 26659840196608   0.01
    1    5122       Data/single  5495449452544 1073741824  5496523194368    6780 26660913938432   0.35
    1    5123       Data/single  5496523194368 1073741824  5497596936192    6781 26661987680256   0.01
    1    5124       Data/single  5497596936192 1073741824  5498670678016    6782 26663061422080   0.55
    1    5125       Data/single  5498670678016 1073741824  5499744419840    6783 26664135163904   0.01
    1    5131       Data/single  5505113128960 1073741824  5506186870784    6784 26665208905728   0.40
    1    5132       Data/single  5506186870784 1073741824  5507260612608    6785 26666282647552   0.01
    1    5137       Data/single  5511555579904 1073741824  5512629321728    6786 26667356389376   0.43
    1    5149       Data/single  5524440481792 1073741824  5525514223616    6787 26668430131200   0.01
    1    5159       Data/single  5535177900032 1073741824  5536251641856    6788 26669503873024   0.45
    1    5160       Data/single  5536251641856 1073741824  5537325383680    6789 26670577614848   0.01
    1    5161       Data/single  5537325383680 1073741824  5538399125504    6790 26671651356672   0.26
    1    5163       Data/single  5539472867328 1073741824  5540546609152    6791 26672725098496   0.00
    1    5164       Data/single  5540546609152 1073741824  5541620350976    6792 26673798840320   0.69
    1    5165       Data/single  5541620350976 1073741824  5542694092800    6793 26674872582144   0.01
    1    5166       Data/single  5542694092800 1073741824  5543767834624    6794 26675946323968   0.39
    1    5169       Data/single  5545915318272 1073741824  5546989060096    6795 26677020065792   0.01
    1    5173       Data/single  5550210285568 1073741824  5551284027392    6796 26678093807616   0.43
    1    5175       Data/single  5552357769216 1073741824  5553431511040    6797 26679167549440   0.01
    1    5176       Data/single  5553431511040 1073741824  5554505252864    6798 26680241291264   0.47
    1    5178       Data/single  5555578994688 1073741824  5556652736512    6799 26681315033088   0.01
    1    5180       Data/single  5557726478336 1073741824  5558800220160    6800 26682388774912   0.30
    1    5181       Data/single  5558800220160 1073741824  5559873961984    6801 26683462516736   0.01
    1    5183       Data/single  5560947703808 1073741824  5562021445632    6802 26684536258560   0.57
    1    5184       Data/single  5562021445632 1073741824  5563095187456    6803 26685610000384   0.01
    1    5185       Data/single  5563095187456 1073741824  5564168929280    6804 26686683742208   0.50
    1    5190       Data/single  5568463896576 1073741824  5569537638400    6805 26687757484032   0.01
    1    5191       Data/single  5569537638400 1073741824  5570611380224    6806 26688831225856   0.46
    1    5193       Data/single  5571685122048 1073741824  5572758863872    6807 26689904967680   0.01
    1    5196       Data/single  5574906347520 1073741824  5575980089344    6808 26690978709504   0.87
    1    5197       Data/single  5575980089344 1073741824  5577053831168    6809 26692052451328   0.01
    1    5200       Data/single  5579201314816 1073741824  5580275056640    6810 26693126193152   0.67
    1    5201       Data/single  5580275056640 1073741824  5581348798464    6811 26694199934976   0.01
    1    5202       Data/single  5581348798464 1073741824  5582422540288    6812 26695273676800   0.85
    1    5203       Data/single  5582422540288 1073741824  5583496282112    6813 26696347418624   0.01
    1    5205       Data/single  5584570023936 1073741824  5585643765760    6814 26697421160448   0.28
    1    5206       Data/single  5585643765760 1073741824  5586717507584    6815 26698494902272   0.01
    1    5207       Data/single  5586717507584 1073741824  5587791249408    6816 26699568644096   0.36
    1    5209       Data/single  5588864991232 1073741824  5589938733056    6817 26700642385920   0.01
    1    5213       Data/single  5593159958528 1073741824  5594233700352    6818 26701716127744   0.35
    1    5215       Data/single  5595307442176 1073741824  5596381184000    6819 26702789869568   0.01
    1    5216       Data/single  5596381184000 1073741824  5597454925824    6820 26703863611392   0.71
    1    5217       Data/single  5597454925824 1073741824  5598528667648    6821 26704937353216   0.01
    1    5222       Data/single  5602823634944 1073741824  5603897376768    6822 26706011095040   0.46
    1    5226       Data/single  5607118602240 1073741824  5608192344064    6823 26707084836864   0.02
    1    5227       Data/single  5608192344064 1073741824  5609266085888    6824 26708158578688   0.09
    1    5228       Data/single  5609266085888 1073741824  5610339827712    6825 26709232320512   0.01
    1    5229       Data/single  5610339827712 1073741824  5611413569536    6826 26710306062336   0.09
    1    5230       Data/single  5611413569536 1073741824  5612487311360    6827 26711379804160   0.01
    1    5231       Data/single  5612487311360 1073741824  5613561053184    6828 26712453545984   0.18
    1    5233       Data/single  5614634795008 1073741824  5615708536832    6829 26713527287808   0.01
    1    5235       Data/single  5616782278656 1073741824  5617856020480    6830 26714601029632   0.65
    1    5236       Data/single  5617856020480 1073741824  5618929762304    6831 26715674771456   0.01
    1    5237       Data/single  5618929762304 1073741824  5620003504128    6832 26716748513280   0.60
    1    5238       Data/single  5620003504128 1073741824  5621077245952    6833 26717822255104   0.01
    1    5239       Data/single  5621077245952 1073741824  5622150987776    6834 26718895996928   3.37
    1    5240       Data/single  5622150987776 1073741824  5623224729600    6835 26719969738752   0.02
    1    5242       Data/single  5624298471424 1073741824  5625372213248    6836 26721043480576   0.00
    1    5245       Data/single  5627519696896 1073741824  5628593438720    6837 26722117222400   0.34
    1    5246       Data/single  5628593438720 1073741824  5629667180544    6838 26723190964224   0.01
    1    5247       Data/single  5629667180544 1073741824  5630740922368    6839 26724264706048   1.90
    1    5248       Data/single  5630740922368 1073741824  5631814664192    6840 26725338447872   0.02
    1    5249       Data/single  5631814664192 1073741824  5632888406016    6841 26726412189696   0.00
    1    5251       Data/single  5633962147840 1073741824  5635035889664    6842 26727485931520   0.49
    1    5252       Data/single  5635035889664 1073741824  5636109631488    6843 26728559673344   0.01
    1    5253       Data/single  5636109631488 1073741824  5637183373312    6844 26729633415168   1.42
    1    5254       Data/single  5637183373312 1073741824  5638257115136    6845 26730707156992   0.01
    1    5255       Data/single  5638257115136 1073741824  5639330856960    6846 26731780898816   0.99
    1    5256       Data/single  5639330856960 1073741824  5640404598784    6847 26732854640640   0.01
    1    5258       Data/single  5641478340608 1073741824  5642552082432    6848 26733928382464   0.00
    1    5259       Data/single  5642552082432 1073741824  5643625824256    6849 26735002124288   3.43
    1    5260       Data/single  5643625824256 1073741824  5644699566080    6850 26736075866112   0.02
    1    5261       Data/single  5644699566080 1073741824  5645773307904    6851 26737149607936   0.00
    1    5262       Data/single  5645773307904 1073741824  5646847049728    6852 26738223349760   1.06
    1    5263       Data/single  5646847049728 1073741824  5647920791552    6853 26739297091584   0.01
    1    5264       Data/single  5647920791552 1073741824  5648994533376    6854 26740370833408   0.00
    1    5265       Data/single  5648994533376 1073741824  5650068275200    6855 26741444575232   1.42
    1    5266       Data/single  5650068275200 1073741824  5651142017024    6856 26742518317056   0.01
    1    5267       Data/single  5651142017024 1073741824  5652215758848    6857 26743592058880   0.58
    1    5268       Data/single  5652215758848 1073741824  5653289500672    6858 26744665800704   0.01
    1    5269       Data/single  5653289500672 1073741824  5654363242496    6859 26745739542528   1.09
    1    5270       Data/single  5654363242496 1073741824  5655436984320    6860 26746813284352   0.01
    1    5271       Data/single  5655436984320 1073741824  5656510726144    6861 26747887026176   0.70
    1    5272       Data/single  5656510726144 1073741824  5657584467968    6862 26748960768000   0.01
    1    5273       Data/single  5657584467968 1073741824  5658658209792    6863 26750034509824   0.61
    1    5274       Data/single  5658658209792 1073741824  5659731951616    6864 26751108251648   0.01
    1    5275       Data/single  5659731951616 1073741824  5660805693440    6865 26752181993472   0.78
    1    5276       Data/single  5660805693440 1073741824  5661879435264    6866 26753255735296   0.01
    1    5277       Data/single  5661879435264 1073741824  5662953177088    6867 26754329477120   0.68
    1    5278       Data/single  5662953177088 1073741824  5664026918912    6868 26755403218944   0.01
    1    5279       Data/single  5664026918912 1073741824  5665100660736    6869 26756476960768   1.06
    1    5280       Data/single  5665100660736 1073741824  5666174402560    6870 26757550702592   0.01
    1    5281       Data/single  5666174402560 1073741824  5667248144384    6871 26758624444416   0.75
    1    5282       Data/single  5667248144384 1073741824  5668321886208    6872 26759698186240   0.01
    1    5283       Data/single  5668321886208 1073741824  5669395628032    6873 26760771928064   2.75
    1    5284       Data/single  5669395628032 1073741824  5670469369856    6874 26761845669888   0.01
    1    5285       Data/single  5670469369856 1073741824  5671543111680    6875 26762919411712   3.13
    1    5286       Data/single  5671543111680 1073741824  5672616853504    6876 26763993153536   0.02
    1    5287       Data/single  5672616853504 1073741824  5673690595328    6877 26765066895360   0.00
    1    5288       Data/single  5673690595328 1073741824  5674764337152    6878 26766140637184   3.42
    1    5289       Data/single  5674764337152 1073741824  5675838078976    6879 26767214379008   0.02
    1    5290       Data/single  5675838078976 1073741824  5676911820800    6880 26768288120832   0.00
    1    5291       Data/single  5676911820800 1073741824  5677985562624    6881 26769361862656   1.28
    1    5292       Data/single  5677985562624 1073741824  5679059304448    6882 26770435604480   0.01
    1    5293       Data/single  5679059304448 1073741824  5680133046272    6883 26771509346304   1.31
    1    5294       Data/single  5680133046272 1073741824  5681206788096    6884 26772583088128   0.02
    1    5295       Data/single  5681206788096 1073741824  5682280529920    6885 26773656829952   1.53
    1    5296       Data/single  5682280529920 1073741824  5683354271744    6886 26774730571776   0.01
    1    5297       Data/single  5683354271744 1073741824  5684428013568    6887 26775804313600   3.60
    1    5298       Data/single  5684428013568 1073741824  5685501755392    6888 26776878055424   0.01
    1    5299       Data/single  5685501755392 1073741824  5686575497216    6889 26777951797248   2.14
    1    5300       Data/single  5686575497216 1073741824  5687649239040    6890 26779025539072   0.01
    1    5301       Data/single  5687649239040 1073741824  5688722980864    6891 26780099280896   0.68
    1    5302       Data/single  5688722980864 1073741824  5689796722688    6892 26781173022720   0.12
    1    5303       Data/single  5689796722688 1073741824  5690870464512    6893 26782246764544   0.05
    1    5304       Data/single  5690870464512 1073741824  5691944206336    6894 26783320506368   0.02
    1    5305       Data/single  5691944206336 1073741824  5693017948160    6895 26784394248192   0.02
    1    5306       Data/single  5693017948160 1073741824  5694091689984    6896 26785467990016   0.01
    1    5307       Data/single  5694091689984 1073741824  5695165431808    6897 26786541731840   0.69
    1    5308       Data/single  5695165431808 1073741824  5696239173632    6898 26787615473664   0.02
    1    5309       Data/single  5696239173632 1073741824  5697312915456    6899 26788689215488   0.98
    1    5310       Data/single  5697312915456 1073741824  5698386657280    6900 26789762957312   0.02
    1    5311       Data/single  5698386657280 1073741824  5699460399104    6901 26790836699136   0.50
    1    5312       Data/single  5699460399104 1073741824  5700534140928    6902 26791910440960   0.00
    1    5313       Data/single  5700534140928 1073741824  5701607882752    6903 26792984182784   1.92
    1    5314       Data/single  5701607882752 1073741824  5702681624576    6904 26794057924608   0.02
    1    5315       Data/single  5702681624576 1073741824  5703755366400    6905 26795131666432   0.00
    1    5316       Data/single  5703755366400 1073741824  5704829108224    6906 26796205408256   0.73
    1    5317       Data/single  5704829108224 1073741824  5705902850048    6907 26797279150080   0.01
    1    5318       Data/single  5705902850048 1073741824  5706976591872    6908 26798352891904   0.45
    1    5319       Data/single  5706976591872 1073741824  5708050333696    6909 26799426633728   0.01
    1    5320       Data/single  5708050333696 1073741824  5709124075520    6910 26800500375552   0.37
    1    5321       Data/single  5709124075520 1073741824  5710197817344    6911 26801574117376   0.01
    1    5322       Data/single  5710197817344 1073741824  5711271559168    6912 26802647859200   1.22
    1    5323       Data/single  5711271559168 1073741824  5712345300992    6913 26803721601024   0.02
    1    5324       Data/single  5712345300992 1073741824  5713419042816    6914 26804795342848   0.33
    1    5325       Data/single  5713419042816 1073741824  5714492784640    6915 26805869084672   0.01
    1    5326       Data/single  5714492784640 1073741824  5715566526464    6916 26806942826496   0.52
    1    5327       Data/single  5715566526464 1073741824  5716640268288    6917 26808016568320   0.01
    1    5328       Data/single  5716640268288 1073741824  5717714010112    6918 26809090310144   1.13
    1    5329       Data/single  5717714010112 1073741824  5718787751936    6919 26810164051968   0.00
    1    5330       Data/single  5718787751936 1073741824  5719861493760    6920 26811237793792   0.47
    1    5331       Data/single  5719861493760 1073741824  5720935235584    6921 26812311535616   0.01
    1    5332       Data/single  5720935235584 1073741824  5722008977408    6922 26813385277440   0.36
    1    5333       Data/single  5722008977408 1073741824  5723082719232    6923 26814459019264   0.01
    1    5334       Data/single  5723082719232 1073741824  5724156461056    6924 26815532761088   0.41
    1    5335       Data/single  5724156461056 1073741824  5725230202880    6925 26816606502912   0.01
    1    5336       Data/single  5725230202880 1073741824  5726303944704    6926 26817680244736   0.57
    1    5337       Data/single  5726303944704 1073741824  5727377686528    6927 26818753986560   0.01
    1    5338       Data/single  5727377686528 1073741824  5728451428352    6928 26819827728384   1.87
    1    5339       Data/single  5728451428352 1073741824  5729525170176    6929 26820901470208   0.01
    1    5340       Data/single  5729525170176 1073741824  5730598912000    6930 26821975212032   1.07
    1    5341       Data/single  5730598912000 1073741824  5731672653824    6931 26823048953856   0.01
    1    5342       Data/single  5731672653824 1073741824  5732746395648    6932 26824122695680   0.47
    1    5343       Data/single  5732746395648 1073741824  5733820137472    6933 26825196437504   0.01
    1    5344       Data/single  5733820137472 1073741824  5734893879296    6934 26826270179328   1.84
    1    5345       Data/single  5734893879296 1073741824  5735967621120    6935 26827343921152   0.01
    1    5346       Data/single  5735967621120 1073741824  5737041362944    6936 26828417662976   1.78
    1    5347       Data/single  5737041362944 1073741824  5738115104768    6937 26829491404800   0.02
    1    5348       Data/single  5738115104768 1073741824  5739188846592    6938 26830565146624   0.00
    1    5349       Data/single  5739188846592 1073741824  5740262588416    6939 26831638888448   1.05
    1    5350       Data/single  5740262588416 1073741824  5741336330240    6940 26832712630272   0.01
    1    5351       Data/single  5741336330240 1073741824  5742410072064    6941 26833786372096   0.42
    1    5352       Data/single  5742410072064 1073741824  5743483813888    6942 26834860113920   0.03
    1    5353       Data/single  5743483813888 1073741824  5744557555712    6943 26835933855744   2.43
    1    5354       Data/single  5744557555712 1073741824  5745631297536    6944 26837007597568   0.01
    1    5355       Data/single  5745631297536 1073741824  5746705039360    6945 26838081339392   0.93
    1    5356       Data/single  5746705039360 1073741824  5747778781184    6946 26839155081216   0.01
    1    5357       Data/single  5747778781184 1073741824  5748852523008    6947 26840228823040   0.95
    1    5358       Data/single  5748852523008 1073741824  5749926264832    6948 26841302564864   0.01
    1    5359       Data/single  5749926264832 1073741824  5751000006656    6949 26842376306688   0.60
    1    5360       Data/single  5751000006656 1073741824  5752073748480    6950 26843450048512   0.01
    1    5361       Data/single  5752073748480 1073741824  5753147490304    6951 26844523790336   0.41
    1    5362       Data/single  5753147490304 1073741824  5754221232128    6952 26845597532160   0.01
    1    5363       Data/single  5754221232128 1073741824  5755294973952    6953 26846671273984   0.58
    1    5364       Data/single  5755294973952 1073741824  5756368715776    6954 26847745015808   0.01
    1    5365       Data/single  5756368715776 1073741824  5757442457600    6955 26848818757632   0.27
    1    5366       Data/single  5757442457600 1073741824  5758516199424    6956 26849892499456   0.01
    1    5367       Data/single  5758516199424 1073741824  5759589941248    6957 26850966241280   1.67
    1    5368       Data/single  5759589941248 1073741824  5760663683072    6958 26852039983104   0.01
    1    5369       Data/single  5760663683072 1073741824  5761737424896    6959 26853113724928   0.61
    1    5370       Data/single  5761737424896 1073741824  5762811166720    6960 26854187466752   0.01
    1    5371       Data/single  5762811166720 1073741824  5763884908544    6961 26855261208576   0.83
    1    5372       Data/single  5763884908544 1073741824  5764958650368    6962 26856334950400   0.01
    1    5373       Data/single  5764958650368 1073741824  5766032392192    6963 26857408692224   1.40
    1    5374       Data/single  5766032392192 1073741824  5767106134016    6964 26858482434048   0.01
    1    5375       Data/single  5767106134016 1073741824  5768179875840    6965 26859556175872   0.65
    1    5376       Data/single  5768179875840 1073741824  5769253617664    6966 26860629917696   0.03
    1    5377       Data/single  5769253617664 1073741824  5770327359488    6967 26861703659520   1.09
    1    5378       Data/single  5770327359488 1073741824  5771401101312    6968 26862777401344   0.00
    1    5379       Data/single  5771401101312 1073741824  5772474843136    6969 26863851143168   0.93
    1    5380       Data/single  5772474843136 1073741824  5773548584960    6970 26864924884992   0.01
    1    5381       Data/single  5773548584960 1073741824  5774622326784    6971 26865998626816   0.00
    1    5382       Data/single  5774622326784 1073741824  5775696068608    6972 26867072368640   0.61
    1    5383       Data/single  5775696068608 1073741824  5776769810432    6973 26868146110464   0.01
    1    5384       Data/single  5776769810432 1073741824  5777843552256    6974 26869219852288   0.41
    1    5385       Data/single  5777843552256 1073741824  5778917294080    6975 26870293594112   0.01
    1    5386       Data/single  5778917294080 1073741824  5779991035904    6976 26871367335936   0.49
    1    5387       Data/single  5779991035904 1073741824  5781064777728    6977 26872441077760   0.00
    1    5388       Data/single  5781064777728 1073741824  5782138519552    6978 26873514819584   0.87
    1    5389       Data/single  5782138519552 1073741824  5783212261376    6979 26874588561408   0.01
    1    5390       Data/single  5783212261376 1073741824  5784286003200    6980 26875662303232   1.46
    1    5391       Data/single  5784286003200 1073741824  5785359745024    6981 26876736045056   0.01
    1    5392       Data/single  5785359745024 1073741824  5786433486848    6982 26877809786880   0.88
    1    5393       Data/single  5786433486848 1073741824  5787507228672    6983 26878883528704   0.01
    1    5394       Data/single  5787507228672 1073741824  5788580970496    6984 26879957270528   0.74
    1    5395       Data/single  5788580970496 1073741824  5789654712320    6985 26881031012352   0.01
    1    5396       Data/single  5789654712320 1073741824  5790728454144    6986 26882104754176   0.75
    1    5397       Data/single  5790728454144 1073741824  5791802195968    6987 26883178496000   0.01
    1    5398       Data/single  5791802195968 1073741824  5792875937792    6988 26884252237824   2.10
    1    5399       Data/single  5792875937792 1073741824  5793949679616    6989 26885325979648   0.01
    1    5400       Data/single  5793949679616 1073741824  5795023421440    6990 26886399721472   0.65
    1    5401       Data/single  5795023421440 1073741824  5796097163264    6991 26887473463296   0.01
    1    5402       Data/single  5796097163264 1073741824  5797170905088    6992 26888547205120   1.00
    1    5403       Data/single  5797170905088 1073741824  5798244646912    6993 26889620946944   0.01
    1    5404       Data/single  5798244646912 1073741824  5799318388736    6994 26890694688768   0.22
    1    5405       Data/single  5799318388736 1073741824  5800392130560    6995 26891768430592   0.01
    1    5406       Data/single  5800392130560 1073741824  5801465872384    6996 26892842172416   1.69
    1    5407       Data/single  5801465872384 1073741824  5802539614208    6997 26893915914240   0.01
    1    5408       Data/single  5802539614208 1073741824  5803613356032    6998 26894989656064   0.52
    1    5409       Data/single  5803613356032 1073741824  5804687097856    6999 26896063397888   0.01
    1    5410       Data/single  5804687097856 1073741824  5805760839680    7000 26897137139712   1.99
    1    5411       Data/single  5805760839680 1073741824  5806834581504    7001 26898210881536   0.02
    1    5412       Data/single  5806834581504 1073741824  5807908323328    7002 26899284623360   0.00
    1    5413       Data/single  5807908323328 1073741824  5808982065152    7003 26900358365184   0.72
    1    5414       Data/single  5808982065152 1073741824  5810055806976    7004 26901432107008   0.01
    1    5415       Data/single  5810055806976 1073741824  5811129548800    7005 26902505848832   1.12
    1    5416       Data/single  5811129548800 1073741824  5812203290624    7006 26903579590656   0.01
    1    5417       Data/single  5812203290624 1073741824  5813277032448    7007 26904653332480   0.64
    1    5418       Data/single  5813277032448 1073741824  5814350774272    7008 26905727074304   0.01
    1    5419       Data/single  5814350774272 1073741824  5815424516096    7009 26906800816128   0.44
    1    5420       Data/single  5815424516096 1073741824  5816498257920    7010 26907874557952   0.02
    1    5421       Data/single  5816498257920 1073741824  5817571999744    7011 26908948299776   1.03
    1    5422       Data/single  5817571999744 1073741824  5818645741568    7012 26910022041600   0.01
    1    5423       Data/single  5818645741568 1073741824  5819719483392    7013 26911095783424   0.54
    1    5424       Data/single  5819719483392 1073741824  5820793225216    7014 26912169525248   0.01
    1    5425       Data/single  5820793225216 1073741824  5821866967040    7015 26913243267072   0.91
    1    5426       Data/single  5821866967040 1073741824  5822940708864    7016 26914317008896   0.03
    1    5427       Data/single  5822940708864 1073741824  5824014450688    7017 26915390750720   0.27
    1    5428       Data/single  5824014450688 1073741824  5825088192512    7018 26916464492544   0.01
    1    5429       Data/single  5825088192512 1073741824  5826161934336    7019 26917538234368   0.23
    1    5430       Data/single  5826161934336 1073741824  5827235676160    7020 26918611976192   0.01
    1    5431       Data/single  5827235676160 1073741824  5828309417984    7021 26919685718016   0.02
    1    5432       Data/single  5828309417984 1073741824  5829383159808    7022 26920759459840   0.01
    1    5433       Data/single  5829383159808 1073741824  5830456901632    7023 26921833201664   0.27
    1    5434       Data/single  5830456901632 1073741824  5831530643456    7024 26922906943488   0.01
    1    5435       Data/single  5831530643456 1073741824  5832604385280    7025 26923980685312   0.55
    1    5436       Data/single  5832604385280 1073741824  5833678127104    7026 26925054427136   0.01
    1    5437       Data/single  5833678127104 1073741824  5834751868928    7027 26926128168960   0.57
    1    5438       Data/single  5834751868928 1073741824  5835825610752    7028 26927201910784   0.01
    1    5439       Data/single  5835825610752 1073741824  5836899352576    7029 26928275652608   0.39
    1    5440       Data/single  5836899352576 1073741824  5837973094400    7030 26929349394432   0.01
    1    5441       Data/single  5837973094400 1073741824  5839046836224    7031 26930423136256   0.49
    1    5442       Data/single  5839046836224 1073741824  5840120578048    7032 26931496878080   0.01
    1    5443       Data/single  5840120578048 1073741824  5841194319872    7033 26932570619904   0.80
    1    5444       Data/single  5841194319872 1073741824  5842268061696    7034 26933644361728   0.01
    1    5445       Data/single  5842268061696 1073741824  5843341803520    7035 26934718103552   0.42
    1    5446       Data/single  5843341803520 1073741824  5844415545344    7036 26935791845376   0.01
    1    5447       Data/single  5844415545344 1073741824  5845489287168    7037 26936865587200   0.48
    1    5448       Data/single  5845489287168 1073741824  5846563028992    7038 26937939329024   0.01
    1    5449       Data/single  5846563028992 1073741824  5847636770816    7039 26939013070848   0.67
    1    5450       Data/single  5847636770816 1073741824  5848710512640    7040 26940086812672   0.01
    1    5451       Data/single  5848710512640 1073741824  5849784254464    7041 26941160554496   0.97
    1    5452       Data/single  5849784254464 1073741824  5850857996288    7042 26942234296320   0.01
    1    5453       Data/single  5850857996288 1073741824  5851931738112    7043 26943308038144   0.89
    1    5454       Data/single  5851931738112 1073741824  5853005479936    7044 26944381779968   0.01
    1    5455       Data/single  5853005479936 1073741824  5854079221760    7045 26945455521792   0.00
    1    5456       Data/single  5854079221760 1073741824  5855152963584    7046 26946529263616   1.33
    1    5457       Data/single  5855152963584 1073741824  5856226705408    7047 26947603005440   0.02
    1    5458       Data/single  5856226705408 1073741824  5857300447232    7048 26948676747264   3.28
    1    5459       Data/single  5857300447232 1073741824  5858374189056    7049 26949750489088   0.01
    1    5460       Data/single  5858374189056 1073741824  5859447930880    7050 26950824230912   0.84
    1    5461       Data/single  5859447930880 1073741824  5860521672704    7051 26951897972736   0.01
    1    5462       Data/single  5860521672704 1073741824  5861595414528    7052 26952971714560   0.59
    1    5463       Data/single  5861595414528 1073741824  5862669156352    7053 26954045456384   0.02
    1    5464       Data/single  5862669156352 1073741824  5863742898176    7054 26955119198208   0.94
    1    5465       Data/single  5863742898176 1073741824  5864816640000    7055 26956192940032   0.01
    1    5466       Data/single  5864816640000 1073741824  5865890381824    7056 26957266681856   0.27
    1    5467       Data/single  5865890381824 1073741824  5866964123648    7057 26958340423680   0.01
    1    5468       Data/single  5866964123648 1073741824  5868037865472    7058 26959414165504   0.74
    1    5469       Data/single  5868037865472 1073741824  5869111607296    7059 26960487907328   0.01
    1    5470       Data/single  5869111607296 1073741824  5870185349120    7060 26961561649152   0.65
    1    5471       Data/single  5870185349120 1073741824  5871259090944    7061 26962635390976   0.01
    1    5472       Data/single  5871259090944 1073741824  5872332832768    7062 26963709132800   1.39
    1    5473       Data/single  5872332832768 1073741824  5873406574592    7063 26964782874624   0.01
    1    5474       Data/single  5873406574592 1073741824  5874480316416    7064 26965856616448   2.12
    1    5475       Data/single  5874480316416 1073741824  5875554058240    7065 26966930358272   0.01
    1    5476       Data/single  5875554058240 1073741824  5876627800064    7066 26968004100096   0.00
    1    5477       Data/single  5876627800064 1073741824  5877701541888    7067 26969077841920   1.66
    1    5478       Data/single  5877701541888 1073741824  5878775283712    7068 26970151583744   0.01
    1    5479       Data/single  5878775283712 1073741824  5879849025536    7069 26971225325568   1.30
    1    5480       Data/single  5879849025536 1073741824  5880922767360    7070 26972299067392   0.01
    1    5481       Data/single  5880922767360 1073741824  5881996509184    7071 26973372809216   1.65
    1    5482       Data/single  5881996509184 1073741824  5883070251008    7072 26974446551040   0.01
    1    5483       Data/single  5883070251008 1073741824  5884143992832    7073 26975520292864   2.54
    1    5484       Data/single  5884143992832 1073741824  5885217734656    7074 26976594034688   0.01
    1    5485       Data/single  5885217734656 1073741824  5886291476480    7075 26977667776512   1.59
    1    5486       Data/single  5886291476480 1073741824  5887365218304    7076 26978741518336   0.01
    1    5487       Data/single  5887365218304 1073741824  5888438960128    7077 26979815260160   1.37
    1    5488       Data/single  5888438960128 1073741824  5889512701952    7078 26980889001984   0.01
    1    5489       Data/single  5889512701952 1073741824  5890586443776    7079 26981962743808   2.32
    1    5490       Data/single  5890586443776 1073741824  5891660185600    7080 26983036485632   0.02
    1    5491       Data/single  5891660185600 1073741824  5892733927424    7081 26984110227456   0.00
    1    5492       Data/single  5892733927424 1073741824  5893807669248    7082 26985183969280   1.72
    1    5493       Data/single  5893807669248 1073741824  5894881411072    7083 26986257711104   0.01
    1    5494       Data/single  5894881411072 1073741824  5895955152896    7084 26987331452928   0.00
    1    5495       Data/single  5895955152896 1073741824  5897028894720    7085 26988405194752   2.06
    1    5496       Data/single  5897028894720 1073741824  5898102636544    7086 26989478936576   0.01
    1    5497       Data/single  5898102636544 1073741824  5899176378368    7087 26990552678400   1.25
    1    5498       Data/single  5899176378368 1073741824  5900250120192    7088 26991626420224   0.01
    1    5499       Data/single  5900250120192 1073741824  5901323862016    7089 26992700162048   1.18
    1    5500       Data/single  5901323862016 1073741824  5902397603840    7090 26993773903872   0.01
    1    5501       Data/single  5902397603840 1073741824  5903471345664    7091 26994847645696   1.17
    1    5502       Data/single  5903471345664 1073741824  5904545087488    7092 26995921387520   0.01
    1    5503       Data/single  5904545087488 1073741824  5905618829312    7093 26996995129344   0.00
    1    5504       Data/single  5905618829312 1073741824  5906692571136    7094 26998068871168   0.71
    1    5505       Data/single  5906692571136 1073741824  5907766312960    7095 26999142612992   0.00
    1    5506       Data/single  5907766312960 1073741824  5908840054784    7096 27000216354816   2.24
    1    5507       Data/single  5908840054784 1073741824  5909913796608    7097 27001290096640   0.01
    1    5508       Data/single  5909913796608 1073741824  5910987538432    7098 27002363838464   0.00
    1    5509       Data/single  5910987538432 1073741824  5912061280256    7099 27003437580288   0.56
    1    5510       Data/single  5912061280256 1073741824  5913135022080    7100 27004511322112   0.01
    1    5511       Data/single  5913135022080 1073741824  5914208763904    7101 27005585063936   1.32
    1    5512       Data/single  5914208763904 1073741824  5915282505728    7102 27006658805760   0.01
    1    5513       Data/single  5915282505728 1073741824  5916356247552    7103 27007732547584   0.00
    1    5514       Data/single  5916356247552 1073741824  5917429989376    7104 27008806289408   0.43
    1    5515       Data/single  5917429989376 1073741824  5918503731200    7105 27009880031232   0.01
    1    5516       Data/single  5918503731200 1073741824  5919577473024    7106 27010953773056   0.65
    1    5517       Data/single  5919577473024 1073741824  5920651214848    7107 27012027514880   0.01
    1    5518       Data/single  5920651214848 1073741824  5921724956672    7108 27013101256704   2.03
    1    5519       Data/single  5921724956672 1073741824  5922798698496    7109 27014174998528   0.01
    1    5520       Data/single  5922798698496 1073741824  5923872440320    7110 27015248740352   3.47
    1    5521       Data/single  5923872440320 1073741824  5924946182144    7111 27016322482176   0.01
    1    5522       Data/single  5924946182144 1073741824  5926019923968    7112 27017396224000   1.12
    1    5523       Data/single  5926019923968 1073741824  5927093665792    7113 27018469965824   0.18
