    1     709       Data/single   757026783232 1073741824   758100525056    6347 26195983728640   0.83
    1     711       Data/single   759174266880 1073741824   760248008704    6348 26197057470464   0.01
    1     714       Data/single   762395492352 1073741824   763469234176    6349 26198131212288   1.93
    1     716       Data/single   764542976000 1073741824   765616717824    6350 26199204954112   0.01
    1     721       Data/single   769911685120 1073741824   770985426944    6351 26200278695936   1.57
    1     723       Data/single   772059168768 1073741824   773132910592    6352 26201352437760   0.01
    1     726       Data/single   775280394240 1073741824   776354136064    6353 26202426179584   0.00
    1     730       Data/single   779575361536 1073741824   780649103360    6354 26203499921408   0.52
    1     731       Data/single   780649103360 1073741824   781722845184    6355 26204573663232   0.01
    1     732       Data/single   781722845184 1073741824   782796587008    6356 26205647405056  12.50
    1     733       Data/single   782796587008 1073741824   783870328832    6357 26206721146880   0.76
    1     735       Data/single   784944070656 1073741824   786017812480    6358 26207794888704   0.01
    1     737       Data/single   787091554304 1073741824   788165296128    6359 26208868630528   0.74
    1     739       Data/single   789239037952 1073741824   790312779776    6360 26209942372352   9.88
    1     740       Data/single   790312779776 1073741824   791386521600    6361 26211016114176   0.01
    1     741       Data/single   791386521600 1073741824   792460263424    6362 26212089856000   0.00
    1     743       Data/single   793534005248 1073741824   794607747072    6363 26213163597824   0.59
    1     747       Data/single   797828972544 1073741824   798902714368    6364 26214237339648   0.01
    1     749       Data/single   799976456192 1073741824   801050198016    6365 26215311081472   0.55
    1     751       Data/single   802123939840 1073741824   803197681664    6366 26216384823296   0.01
    1     753       Data/single   804271423488 1073741824   805345165312    6367 26217458565120   0.50
    1     756       Data/single   807492648960 1073741824   808566390784    6368 26218532306944   0.02
    1     762       Data/single   813935099904 1073741824   815008841728    6369 26219606048768   0.79
    1     764       Data/single   816082583552 1073741824   817156325376    6370 26220679790592   0.01
    1     772       Data/single   824672518144 1073741824   825746259968    6371 26221753532416   0.52
    1     774       Data/single   826820001792 1073741824   827893743616    6372 26222827274240   0.01
    1     775       Data/single   827893743616 1073741824   828967485440    6373 26223901016064   0.75
    1     777       Data/single   830041227264 1073741824   831114969088    6374 26224974757888   0.01
    1     778       Data/single   831114969088 1073741824   832188710912    6375 26226048499712   0.75
    1     780       Data/single   833262452736 1073741824   834336194560    6376 26227122241536   0.02
    1     781       Data/single   834336194560 1073741824   835409936384    6377 26228195983360   1.45
    1     784       Data/single   837557420032 1073741824   838631161856    6378 26229269725184   0.02
    1     786       Data/single   839704903680 1073741824   840778645504    6379 26230343467008   2.06
    1     788       Data/single   841852387328 1073741824   842926129152    6380 26231417208832   0.01
    1     789       Data/single   842926129152 1073741824   843999870976    6381 26232490950656   1.70
    1     793       Data/single   847221096448 1073741824   848294838272    6382 26233564692480   0.01
    1     795       Data/single   849368580096 1073741824   850442321920    6383 26234638434304   1.74
    1     796       Data/single   850442321920 1073741824   851516063744    6384 26235712176128   0.02
    1     798       Data/single   852589805568 1073741824   853663547392    6385 26236785917952   0.00
    1     799       Data/single   853663547392 1073741824   854737289216    6386 26237859659776   0.97
    1     801       Data/single   855811031040 1073741824   856884772864    6387 26238933401600   0.01
    1     802       Data/single   856884772864 1073741824   857958514688    6388 26240007143424   0.51
    1     803       Data/single   857958514688 1073741824   859032256512    6389 26241080885248   0.01
    1     804       Data/single   859032256512 1073741824   860105998336    6390 26242154627072   0.75
    1     806       Data/single   861179740160 1073741824   862253481984    6391 26243228368896   0.01
    1     810       Data/single   865474707456 1073741824   866548449280    6392 26244302110720   2.36
    1     815       Data/single   870843416576 1073741824   871917158400    6393 26245375852544   0.01
    1     816       Data/single   871917158400 1073741824   872990900224    6394 26246449594368   3.74
    1     817       Data/single   872990900224 1073741824   874064642048    6395 26247523336192   0.01
    1     818       Data/single   874064642048 1073741824   875138383872    6396 26248597078016   0.00
    1     820       Data/single   876212125696 1073741824   877285867520    6397 26249670819840   3.54
    1     822       Data/single   878359609344 1073741824   879433351168    6398 26250744561664   0.02
    1     823       Data/single   879433351168 1073741824   880507092992    6399 26251818303488   0.00
    1     825       Data/single   881580834816 1073741824   882654576640    6400 26252892045312   0.65
    1     827       Data/single   883728318464 1073741824   884802060288    6401 26253965787136   0.01
    1     829       Data/single   885875802112 1073741824   886949543936    6402 26255039528960   0.37
    1     832       Data/single   889097027584 1073741824   890170769408    6403 26256113270784   0.01
    1     834       Data/single   891244511232 1073741824   892318253056    6404 26257187012608   1.48
    1     840       Data/single   897686962176 1073741824   898760704000    6405 26258260754432   0.01
    1     842       Data/single   899834445824 1073741824   900908187648    6406 26259334496256   2.83
