    1     349       Data/single   370479726592 1073741824   371553468416    6220 26059618516992   0.02
    1     351       Data/single   372627210240 1073741824   373700952064    6221 26060692258816   0.00
    1     354       Data/single   375848435712 1073741824   376922177536    6222 26061766000640  23.81
    1     356       Data/single   377995919360 1073741824   379069661184    6223 26062839742464   0.01
    1     358       Data/single   380143403008 1073741824   381217144832    6224 26063913484288   3.30
    1     359       Data/single   381217144832 1073741824   382290886656    6225 26064987226112   0.01
    1     360       Data/single   382290886656 1073741824   383364628480    6226 26066060967936   1.82
    1     369       Data/single   391954563072 1073741824   393028304896    6227 26067134709760   0.01
    1     371       Data/single   394102046720 1073741824   395175788544    6228 26068208451584   5.11
    1     374       Data/single   397323272192 1073741824   398397014016    6229 26069282193408   0.01
    1     376       Data/single   399470755840 1073741824   400544497664    6230 26070355935232   0.00
    1     377       Data/single   400544497664 1073741824   401618239488    6231 26071429677056   4.04
    1     379       Data/single   402691981312 1073741824   403765723136    6232 26072503418880   0.01
    1     381       Data/single   404839464960 1073741824   405913206784    6233 26073577160704   5.86
    1     382       Data/single   405913206784 1073741824   406986948608    6234 26074650902528   0.01
    1     384       Data/single   408060690432 1073741824   409134432256    6235 26075724644352  12.50
    1     386       Data/single   410208174080 1073741824   411281915904    6236 26076798386176   0.01
    1     387       Data/single   411281915904 1073741824   412355657728    6237 26077872128000  29.73
    1     393       Data/single   417724366848 1073741824   418798108672    6238 26078945869824   0.20
    1     395       Data/single   419871850496 1073741824   420945592320    6239 26080019611648  99.03
