    1     844       Data/single   901981929472 1073741824   903055671296    6407 26260408238080   0.00
    1     845       Data/single   903055671296 1073741824   904129413120    6408 26261481979904   2.83
    1     847       Data/single   905203154944 1073741824   906276896768    6409 26262555721728   0.01
    1     850       Data/single   908424380416 1073741824   909498122240    6410 26263629463552   0.80
    1     854       Data/single   912719347712 1073741824   913793089536    6411 26264703205376   0.01
    1     857       Data/single   915940573184 1073741824   917014315008    6412 26265776947200   0.53
    1     858       Data/single   917014315008 1073741824   918088056832    6413 26266850689024   0.01
    1     859       Data/single   918088056832 1073741824   919161798656    6414 26267924430848   0.41
    1     863       Data/single   922383024128 1073741824   923456765952    6415 26268998172672   0.00
    1     865       Data/single   924530507776 1073741824   925604249600    6416 26270071914496   0.59
    1     870       Data/single   929899216896 1073741824   930972958720    6417 26271145656320   0.01
    1     880       Data/single   940636635136 1073741824   941710376960    6418 26272219398144   0.54
    1     884       Data/single   944931602432 1073741824   946005344256    6419 26273293139968   0.02
    1     887       Data/single   948152827904 1073741824   949226569728    6420 26274366881792   0.98
    1     891       Data/single   952447795200 1073741824   953521537024    6421 26275440623616   0.01
    1     892       Data/single   953521537024 1073741824   954595278848    6422 26276514365440   0.67
    1     894       Data/single   955669020672 1073741824   956742762496    6423 26277588107264   0.01
    1     895       Data/single   956742762496 1073741824   957816504320    6424 26278661849088   1.85
    1     896       Data/single   957816504320 1073741824   958890246144    6425 26279735590912   0.01
    1     906       Data/single   968553922560 1073741824   969627664384    6426 26280809332736   1.63
    1     908       Data/single   970701406208 1073741824   971775148032    6427 26281883074560   0.01
    1     912       Data/single   974996373504 1073741824   976070115328    6428 26282956816384   0.00
    1     916       Data/single   979291340800 1073741824   980365082624    6429 26284030558208   0.77
    1    2060       Data/single  2207651987456 1073741824  2208725729280    6430 26285104300032   0.02
    1    2061       Data/single  2208725729280 1073741824  2209799471104    6431 26286178041856   1.11
    1    2062       Data/single  2209799471104 1073741824  2210873212928    6432 26287251783680   0.02
    1    2063       Data/single  2210873212928 1073741824  2211946954752    6433 26288325525504   0.40
    1    3699       Data/single  3967514836992 1073741824  3968588578816    6434 26289399267328   0.01
    1    3703       Data/single  3971809804288 1073741824  3972883546112    6435 26290473009152   0.87
    1    3704       Data/single  3972883546112 1073741824  3973957287936    6436 26291546750976   0.01
    1    3706       Data/single  3975031029760 1073741824  3976104771584    6437 26292620492800   2.21
    1    3707       Data/single  3976104771584 1073741824  3977178513408    6438 26293694234624   0.01
    1    3708       Data/single  3977178513408 1073741824  3978252255232    6439 26294767976448   0.33
    1    3709       Data/single  3978252255232 1073741824  3979325997056    6440 26295841718272   0.01
    1    3710       Data/single  3979325997056 1073741824  3980399738880    6441 26296915460096   0.75
    1    3712       Data/single  3981473480704 1073741824  3982547222528    6442 26297989201920   0.01
    1    3788       Data/single  4063077859328 1073741824  4064151601152    6443 26299062943744   1.22
    1    3790       Data/single  4065225342976 1073741824  4066299084800    6444 26300136685568   0.01
    1    3792       Data/single  4067372826624 1073741824  4068446568448    6445 26301210427392   0.32
    1    4396       Data/single  4715912888320 1073741824  4716986630144    6446 26302284169216   0.01
    1    4398       Data/single  4718060371968 1073741824  4719134113792    6447 26303357911040   0.33
    1    4399       Data/single  4719134113792 1073741824  4720207855616    6448 26304431652864   0.01
    1    4400       Data/single  4720207855616 1073741824  4721281597440    6449 26305505394688   0.61
    1    4402       Data/single  4722355339264 1073741824  4723429081088    6450 26306579136512   0.01
    1    4404       Data/single  4724502822912 1073741824  4725576564736    6451 26307652878336   0.36
    1    4406       Data/single  4726650306560 1073741824  4727724048384    6452 26308726620160   0.01
    1    4408       Data/single  4728797790208 1073741824  4729871532032    6453 26309800361984   0.52
    1    4410       Data/single  4730945273856 1073741824  4732019015680    6454 26310874103808   0.02
    1    4412       Data/single  4733092757504 1073741824  4734166499328    6455 26311947845632   0.97
    1    4414       Data/single  4735240241152 1073741824  4736313982976    6456 26313021587456   0.01
    1    4416       Data/single  4737387724800 1073741824  4738461466624    6457 26314095329280   1.01
    1    4418       Data/single  4739535208448 1073741824  4740608950272    6458 26315169071104   0.01
    1    4420       Data/single  4741682692096 1073741824  4742756433920    6459 26316242812928   0.72
    1    4422       Data/single  4743830175744 1073741824  4744903917568    6460 26317316554752   0.01
    1    4424       Data/single  4745977659392 1073741824  4747051401216    6461 26318390296576   0.22
    1    4426       Data/single  4748125143040 1073741824  4749198884864    6462 26319464038400   0.01
    1    4428       Data/single  4750272626688 1073741824  4751346368512    6463 26320537780224   0.91
    1    4429       Data/single  4751346368512 1073741824  4752420110336    6464 26321611522048   0.01
    1    4430       Data/single  4752420110336 1073741824  4753493852160    6465 26322685263872   1.45
    1    4432       Data/single  4754567593984 1073741824  4755641335808    6466 26323759005696   0.01
    1    4434       Data/single  4756715077632 1073741824  4757788819456    6467 26324832747520   1.54
    1    4436       Data/single  4758862561280 1073741824  4759936303104    6468 26325906489344   0.01
    1    4438       Data/single  4761010044928 1073741824  4762083786752    6469 26326980231168   1.14
    1    4441       Data/single  4764231270400 1073741824  4765305012224    6470 26328053972992   0.01
    1    4443       Data/single  4766378754048 1073741824  4767452495872    6471 26329127714816   2.06
    1    4445       Data/single  4768526237696 1073741824  4769599979520    6472 26330201456640   0.01
    1    4447       Data/single  4770673721344 1073741824  4771747463168    6473 26331275198464   0.54
    1    4448       Data/single  4771747463168 1073741824  4772821204992    6474 26332348940288   0.01
    1    4449       Data/single  4772821204992 1073741824  4773894946816    6475 26333422682112   0.47
    1    4451       Data/single  4774968688640 1073741824  4776042430464    6476 26334496423936   0.01
    1    4452       Data/single  4776042430464 1073741824  4777116172288    6477 26335570165760   1.08
    1    4453       Data/single  4777116172288 1073741824  4778189914112    6478 26336643907584   0.01
    1    4454       Data/single  4778189914112 1073741824  4779263655936    6479 26337717649408   0.92
    1    4455       Data/single  4779263655936 1073741824  4780337397760    6480 26338791391232   0.01
    1    4456       Data/single  4780337397760 1073741824  4781411139584    6481 26339865133056   1.35
    1    4457       Data/single  4781411139584 1073741824  4782484881408    6482 26340938874880   0.01
    1    4458       Data/single  4782484881408 1073741824  4783558623232    6483 26342012616704   0.01
    1    4459       Data/single  4783558623232 1073741824  4784632365056    6484 26343086358528   0.96
    1    4460       Data/single  4784632365056 1073741824  4785706106880    6485 26344160100352   0.01
    1    4461       Data/single  4785706106880 1073741824  4786779848704    6486 26345233842176   0.18
    1    4462       Data/single  4786779848704 1073741824  4787853590528    6487 26346307584000   0.02
    1    4463       Data/single  4787853590528 1073741824  4788927332352    6488 26347381325824   0.38
    1    4464       Data/single  4788927332352 1073741824  4790001074176    6489 26348455067648   0.02
    1    4465       Data/single  4790001074176 1073741824  4791074816000    6490 26349528809472   1.00
    1    4466       Data/single  4791074816000 1073741824  4792148557824    6491 26350602551296   0.01
    1    4468       Data/single  4793222299648 1073741824  4794296041472    6492 26351676293120   0.66
    1    4469       Data/single  4794296041472 1073741824  4795369783296    6493 26352750034944   0.01
    1    4470       Data/single  4795369783296 1073741824  4796443525120    6494 26353823776768   0.31
    1    4471       Data/single  4796443525120 1073741824  4797517266944    6495 26354897518592   0.01
    1    4472       Data/single  4797517266944 1073741824  4798591008768    6496 26355971260416   0.60
    1    4473       Data/single  4798591008768 1073741824  4799664750592    6497 26357045002240   0.01
    1    4474       Data/single  4799664750592 1073741824  4800738492416    6498 26358118744064   1.11
    1    4475       Data/single  4800738492416 1073741824  4801812234240    6499 26359192485888   0.01
    1    4476       Data/single  4801812234240 1073741824  4802885976064    6500 26360266227712   0.52
    1    4477       Data/single  4802885976064 1073741824  4803959717888    6501 26361339969536   0.01
    1    4478       Data/single  4803959717888 1073741824  4805033459712    6502 26362413711360   0.49
    1    4479       Data/single  4805033459712 1073741824  4806107201536    6503 26363487453184   0.01
    1    4480       Data/single  4806107201536 1073741824  4807180943360    6504 26364561195008   0.33
    1    4481       Data/single  4807180943360 1073741824  4808254685184    6505 26365634936832   0.01
    1    4482       Data/single  4808254685184 1073741824  4809328427008    6506 26366708678656   0.58
    1    4483       Data/single  4809328427008 1073741824  4810402168832    6507 26367782420480   0.01
    1    4484       Data/single  4810402168832 1073741824  4811475910656    6508 26368856162304   0.57
    1    4485       Data/single  4811475910656 1073741824  4812549652480    6509 26369929904128   0.01
    1    4486       Data/single  4812549652480 1073741824  4813623394304    6510 26371003645952   1.54
    1    4487       Data/single  4813623394304 1073741824  4814697136128    6511 26372077387776   0.01
    1    4488       Data/single  4814697136128 1073741824  4815770877952    6512 26373151129600   1.94
    1    4489       Data/single  4815770877952 1073741824  4816844619776    6513 26374224871424   0.02
    1    4490       Data/single  4816844619776 1073741824  4817918361600    6514 26375298613248   0.02
    1    4491       Data/single  4817918361600 1073741824  4818992103424    6515 26376372355072   1.81
    1    4492       Data/single  4818992103424 1073741824  4820065845248    6516 26377446096896   0.00
    1    4493       Data/single  4820065845248 1073741824  4821139587072    6517 26378519838720   0.95
    1    4494       Data/single  4821139587072 1073741824  4822213328896    6518 26379593580544   0.01
    1    4495       Data/single  4822213328896 1073741824  4823287070720    6519 26380667322368   0.89
    1    4496       Data/single  4823287070720 1073741824  4824360812544    6520 26381741064192   0.01
    1    4497       Data/single  4824360812544 1073741824  4825434554368    6521 26382814806016   1.73
    1    4498       Data/single  4825434554368 1073741824  4826508296192    6522 26383888547840   0.01
    1    4499       Data/single  4826508296192 1073741824  4827582038016    6523 26384962289664   0.95
    1    4500       Data/single  4827582038016 1073741824  4828655779840    6524 26386036031488   0.01
    1    4501       Data/single  4828655779840 1073741824  4829729521664    6525 26387109773312   1.42
    1    4502       Data/single  4829729521664 1073741824  4830803263488    6526 26388183515136   0.01
    1    4503       Data/single  4830803263488 1073741824  4831877005312    6527 26389257256960   1.33
    1    4504       Data/single  4831877005312 1073741824  4832950747136    6528 26390330998784   0.01
    1    4505       Data/single  4832950747136 1073741824  4834024488960    6529 26391404740608   0.02
    1    4506       Data/single  4834024488960 1073741824  4835098230784    6530 26392478482432   3.21
    1    4507       Data/single  4835098230784 1073741824  4836171972608    6531 26393552224256   0.00
    1    4508       Data/single  4836171972608 1073741824  4837245714432    6532 26394625966080   1.96
    1    4509       Data/single  4837245714432 1073741824  4838319456256    6533 26395699707904   0.01
    1    4510       Data/single  4838319456256 1073741824  4839393198080    6534 26396773449728   0.32
    1    4511       Data/single  4839393198080 1073741824  4840466939904    6535 26397847191552   0.01
    1    4512       Data/single  4840466939904 1073741824  4841540681728    6536 26398920933376   0.46
    1    4513       Data/single  4841540681728 1073741824  4842614423552    6537 26399994675200   0.01
    1    4514       Data/single  4842614423552 1073741824  4843688165376    6538 26401068417024   0.84
    1    4515       Data/single  4843688165376 1073741824  4844761907200    6539 26402142158848   0.01
    1    4516       Data/single  4844761907200 1073741824  4845835649024    6540 26403215900672   0.94
    1    4518       Data/single  4846909390848 1073741824  4847983132672    6541 26404289642496   0.01
    1    4519       Data/single  4847983132672 1073741824  4849056874496    6542 26405363384320   0.75
    1    4520       Data/single  4849056874496 1073741824  4850130616320    6543 26406437126144   0.01
    1    4521       Data/single  4850130616320 1073741824  4851204358144    6544 26407510867968   1.45
    1    4522       Data/single  4851204358144 1073741824  4852278099968    6545 26408584609792   0.02
    1    4523       Data/single  4852278099968 1073741824  4853351841792    6546 26409658351616   0.00
    1    4524       Data/single  4853351841792 1073741824  4854425583616    6547 26410732093440   1.89
    1    4525       Data/single  4854425583616 1073741824  4855499325440    6548 26411805835264   0.02
    1    4526       Data/single  4855499325440 1073741824  4856573067264    6549 26412879577088   0.00
    1    4527       Data/single  4856573067264 1073741824  4857646809088    6550 26413953318912   1.96
    1    4528       Data/single  4857646809088 1073741824  4858720550912    6551 26415027060736   0.01
    1    4529       Data/single  4858720550912 1073741824  4859794292736    6552 26416100802560   0.01
    1    4530       Data/single  4859794292736 1073741824  4860868034560    6553 26417174544384   1.63
    1    4531       Data/single  4860868034560 1073741824  4861941776384    6554 26418248286208   0.01
    1    4532       Data/single  4861941776384 1073741824  4863015518208    6555 26419322028032   5.26
    1    4533       Data/single  4863015518208 1073741824  4864089260032    6556 26420395769856   0.02
    1    4534       Data/single  4864089260032 1073741824  4865163001856    6557 26421469511680   0.00
    1    4535       Data/single  4865163001856 1073741824  4866236743680    6558 26422543253504   2.52
    1    4536       Data/single  4866236743680 1073741824  4867310485504    6559 26423616995328   0.01
    1    4537       Data/single  4867310485504 1073741824  4868384227328    6560 26424690737152   0.00
    1    4538       Data/single  4868384227328 1073741824  4869457969152    6561 26425764478976   1.03
    1    4539       Data/single  4869457969152 1073741824  4870531710976    6562 26426838220800   0.01
    1    4540       Data/single  4870531710976 1073741824  4871605452800    6563 26427911962624   0.89
    1    4541       Data/single  4871605452800 1073741824  4872679194624    6564 26428985704448   0.01
    1    4542       Data/single  4872679194624 1073741824  4873752936448    6565 26430059446272   0.00
    1    4543       Data/single  4873752936448 1073741824  4874826678272    6566 26431133188096   1.19
    1    4544       Data/single  4874826678272 1073741824  4875900420096    6567 26432206929920   0.01
    1    4545       Data/single  4875900420096 1073741824  4876974161920    6568 26433280671744   0.41
    1    4546       Data/single  4876974161920 1073741824  4878047903744    6569 26434354413568   0.02
    1    4547       Data/single  4878047903744 1073741824  4879121645568    6570 26435428155392   0.82
    1    4548       Data/single  4879121645568 1073741824  4880195387392    6571 26436501897216   0.01
    1    4549       Data/single  4880195387392 1073741824  4881269129216    6572 26437575639040   1.30
    1    4550       Data/single  4881269129216 1073741824  4882342871040    6573 26438649380864   0.01
    1    4551       Data/single  4882342871040 1073741824  4883416612864    6574 26439723122688   0.65
    1    4552       Data/single  4883416612864 1073741824  4884490354688    6575 26440796864512   0.01
    1    4553       Data/single  4884490354688 1073741824  4885564096512    6576 26441870606336   0.48
    1    4554       Data/single  4885564096512 1073741824  4886637838336    6577 26442944348160   0.00
    1    4555       Data/single  4886637838336 1073741824  4887711580160    6578 26444018089984   0.62
    1    4556       Data/single  4887711580160 1073741824  4888785321984    6579 26445091831808   0.01
    1    4557       Data/single  4888785321984 1073741824  4889859063808    6580 26446165573632   3.00
    1    4558       Data/single  4889859063808 1073741824  4890932805632    6581 26447239315456   0.02
    1    4559       Data/single  4890932805632 1073741824  4892006547456    6582 26448313057280   0.00
    1    4560       Data/single  4892006547456 1073741824  4893080289280    6583 26449386799104   0.61
    1    4561       Data/single  4893080289280 1073741824  4894154031104    6584 26450460540928   0.02
    1    4562       Data/single  4894154031104 1073741824  4895227772928    6585 26451534282752   1.50
    1    4563       Data/single  4895227772928 1073741824  4896301514752    6586 26452608024576   0.01
    1    4564       Data/single  4896301514752 1073741824  4897375256576    6587 26453681766400   0.01
    1    4565       Data/single  4897375256576 1073741824  4898448998400    6588 26454755508224   0.01
    1    4566       Data/single  4898448998400 1073741824  4899522740224    6589 26455829250048   2.51
    1    4567       Data/single  4899522740224 1073741824  4900596482048    6590 26456902991872   0.00
    1    4568       Data/single  4900596482048 1073741824  4901670223872    6591 26457976733696   0.57
    1    4569       Data/single  4901670223872 1073741824  4902743965696    6592 26459050475520   0.01
    1    4570       Data/single  4902743965696 1073741824  4903817707520    6593 26460124217344   0.81
    1    4571       Data/single  4903817707520 1073741824  4904891449344    6594 26461197959168   0.01
    1    4572       Data/single  4904891449344 1073741824  4905965191168    6595 26462271700992   1.40
    1    4573       Data/single  4905965191168 1073741824  4907038932992    6596 26463345442816   0.01
    1    4574       Data/single  4907038932992 1073741824  4908112674816    6597 26464419184640   0.33
    1    4575       Data/single  4908112674816 1073741824  4909186416640    6598 26465492926464   0.01
    1    4576       Data/single  4909186416640 1073741824  4910260158464    6599 26466566668288   0.59
    1    4577       Data/single  4910260158464 1073741824  4911333900288    6600 26467640410112   0.02
    1    4578       Data/single  4911333900288 1073741824  4912407642112    6601 26468714151936   0.70
    1    4579       Data/single  4912407642112 1073741824  4913481383936    6602 26469787893760   0.00
    1    4580       Data/single  4913481383936 1073741824  4914555125760    6603 26470861635584   1.11
    1    4581       Data/single  4914555125760 1073741824  4915628867584    6604 26471935377408   0.01
    1    4582       Data/single  4915628867584 1073741824  4916702609408    6605 26473009119232   0.56
    1    4583       Data/single  4916702609408 1073741824  4917776351232    6606 26474082861056   0.01
    1    4584       Data/single  4917776351232 1073741824  4918850093056    6607 26475156602880   0.69
    1    4585       Data/single  4918850093056 1073741824  4919923834880    6608 26476230344704   0.01
    1    4586       Data/single  4919923834880 1073741824  4920997576704    6609 26477304086528   1.17
    1    4587       Data/single  4920997576704 1073741824  4922071318528    6610 26478377828352   0.01
    1    4588       Data/single  4922071318528 1073741824  4923145060352    6611 26479451570176   0.65
    1    4589       Data/single  4923145060352 1073741824  4924218802176    6612 26480525312000   0.01
    1    4590       Data/single  4924218802176 1073741824  4925292544000    6613 26481599053824   0.91
    1    4591       Data/single  4925292544000 1073741824  4926366285824    6614 26482672795648   0.01
    1    4592       Data/single  4926366285824 1073741824  4927440027648    6615 26483746537472   0.91
    1    4593       Data/single  4927440027648 1073741824  4928513769472    6616 26484820279296   0.02
    1    4594       Data/single  4928513769472 1073741824  4929587511296    6617 26485894021120   0.74
    1    4595       Data/single  4929587511296 1073741824  4930661253120    6618 26486967762944   0.01
    1    4596       Data/single  4930661253120 1073741824  4931734994944    6619 26488041504768   0.62
    1    4597       Data/single  4931734994944 1073741824  4932808736768    6620 26489115246592   0.01
    1    4598       Data/single  4932808736768 1073741824  4933882478592    6621 26490188988416   1.48
    1    4599       Data/single  4933882478592 1073741824  4934956220416    6622 26491262730240   0.01
    1    4600       Data/single  4934956220416 1073741824  4936029962240    6623 26492336472064   0.85
    1    4601       Data/single  4936029962240 1073741824  4937103704064    6624 26493410213888   0.01
    1    4602       Data/single  4937103704064 1073741824  4938177445888    6625 26494483955712   0.85
    1    4603       Data/single  4938177445888 1073741824  4939251187712    6626 26495557697536   0.01
    1    4604       Data/single  4939251187712 1073741824  4940324929536    6627 26496631439360   0.92
    1    4605       Data/single  4940324929536 1073741824  4941398671360    6628 26497705181184   0.01
    1    4606       Data/single  4941398671360 1073741824  4942472413184    6629 26498778923008   0.66
    1    4607       Data/single  4942472413184 1073741824  4943546155008    6630 26499852664832   0.01
    1    4608       Data/single  4943546155008 1073741824  4944619896832    6631 26500926406656   1.16
    1    4609       Data/single  4944619896832 1073741824  4945693638656    6632 26502000148480   0.01
    1    4610       Data/single  4945693638656 1073741824  4946767380480    6633 26503073890304   0.81
    1    4611       Data/single  4946767380480 1073741824  4947841122304    6634 26504147632128   0.01
    1    4612       Data/single  4947841122304 1073741824  4948914864128    6635 26505221373952   0.95
    1    4613       Data/single  4948914864128 1073741824  4949988605952    6636 26506295115776   0.01
    1    4614       Data/single  4949988605952 1073741824  4951062347776    6637 26507368857600   0.00
    1    4615       Data/single  4951062347776 1073741824  4952136089600    6638 26508442599424   0.00
    1    4616       Data/single  4952136089600 1073741824  4953209831424    6639 26509516341248   0.00
    1    4617       Data/single  4953209831424 1073741824  4954283573248    6640 26510590083072   0.00
    1    4618       Data/single  4954283573248 1073741824  4955357315072    6641 26511663824896   0.00
    1    4619       Data/single  4955357315072 1073741824  4956431056896    6642 26512737566720   0.00
    1    4620       Data/single  4956431056896 1073741824  4957504798720    6643 26513811308544   0.00
    1    4621       Data/single  4957504798720 1073741824  4958578540544    6644 26514885050368   0.00
    1    4622       Data/single  4958578540544 1073741824  4959652282368    6645 26515958792192   0.00
    1    4623       Data/single  4959652282368 1073741824  4960726024192    6646 26517032534016   0.00
    1    4624       Data/single  4960726024192 1073741824  4961799766016    6647 26518106275840   0.00
    1    4625       Data/single  4961799766016 1073741824  4962873507840    6648 26519180017664   0.00
    1    4626       Data/single  4962873507840 1073741824  4963947249664    6649 26520253759488   0.00
    1    4627       Data/single  4963947249664 1073741824  4965020991488    6650 26521327501312   0.00
    1    4636       Data/single  4973610926080 1073741824  4974684667904    6651 26522401243136   0.00
    1    4638       Data/single  4975758409728 1073741824  4976832151552    6652 26523474984960   0.00
    1    4640       Data/single  4977905893376 1073741824  4978979635200    6653 26524548726784   0.00
    1    4642       Data/single  4980053377024 1073741824  4981127118848    6654 26525622468608   0.00
    1    4643       Data/single  4981127118848 1073741824  4982200860672    6655 26526696210432   0.00
    1    4645       Data/single  4983274602496 1073741824  4984348344320    6656 26527769952256   0.00
    1    4647       Data/single  4985422086144 1073741824  4986495827968    6657 26528843694080   0.00
    1    4649       Data/single  4987569569792 1073741824  4988643311616    6658 26529917435904   0.00
    1    4651       Data/single  4989717053440 1073741824  4990790795264    6659 26530991177728   0.00
    1    4653       Data/single  4991864537088 1073741824  4992938278912    6660 26532064919552   0.00
    1    4654       Data/single  4992938278912 1073741824  4994012020736    6661 26533138661376   0.00
    1    4655       Data/single  4994012020736 1073741824  4995085762560    6662 26534212403200   0.00
    1    4656       Data/single  4995085762560 1073741824  4996159504384    6663 26535286145024   0.00
    1    4657       Data/single  4996159504384 1073741824  4997233246208    6664 26536359886848   0.00
    1    4658       Data/single  4997233246208 1073741824  4998306988032    6665 26537433628672   0.00
    1    4659       Data/single  4998306988032 1073741824  4999380729856    6666 26538507370496   0.00
    1    4660       Data/single  4999380729856 1073741824  5000454471680    6667 26539581112320   0.00
    1    4661       Data/single  5000454471680 1073741824  5001528213504    6668 26540654854144   0.00
    1    4662       Data/single  5001528213504 1073741824  5002601955328    6669 26541728595968   0.00
    1    4663       Data/single  5002601955328 1073741824  5003675697152    6670 26542802337792   0.00
    1    4664       Data/single  5003675697152 1073741824  5004749438976    6671 26543876079616   0.00
    1    4665       Data/single  5004749438976 1073741824  5005823180800    6672 26544949821440   0.00
    1    4666       Data/single  5005823180800 1073741824  5006896922624    6673 26546023563264   0.00
    1    4667       Data/single  5006896922624 1073741824  5007970664448    6674 26547097305088   0.00
    1    4668       Data/single  5007970664448 1073741824  5009044406272    6675 26548171046912   0.00
    1    4669       Data/single  5009044406272 1073741824  5010118148096    6676 26549244788736   0.00
    1    4670       Data/single  5010118148096 1073741824  5011191889920    6677 26550318530560   0.00
    1    4671       Data/single  5011191889920 1073741824  5012265631744    6678 26551392272384   0.00
    1    4672       Data/single  5012265631744 1073741824  5013339373568    6679 26552466014208   0.00
    1    4673       Data/single  5013339373568 1073741824  5014413115392    6680 26553539756032   0.00
    1    4674       Data/single  5014413115392 1073741824  5015486857216    6681 26554613497856   0.00
    1    4676       Data/single  5016560599040 1073741824  5017634340864    6682 26555687239680   0.00
    1    4678       Data/single  5018708082688 1073741824  5019781824512    6683 26556760981504   0.00
    1    4690       Data/single  5031592984576 1073741824  5032666726400    6684 26557834723328   0.00
    1    4691       Data/single  5032666726400 1073741824  5033740468224    6685 26558908465152   0.00
    1    4692       Data/single  5033740468224 1073741824  5034814210048    6686 26559982206976   0.00
    1    4696       Data/single  5038035435520 1073741824  5039109177344    6687 26561055948800   0.00
    1    4699       Data/single  5041256660992 1073741824  5042330402816    6688 26562129690624   0.00
    1    4700       Data/single  5042330402816 1073741824  5043404144640    6689 26563203432448   0.00
    1    4701       Data/single  5043404144640 1073741824  5044477886464    6690 26564277174272   0.00
    1    4702       Data/single  5044477886464 1073741824  5045551628288    6691 26565350916096   0.00
    1    4706       Data/single  5048772853760 1073741824  5049846595584    6692 26566424657920   0.00
    1    4709       Data/single  5051994079232 1073741824  5053067821056    6693 26567498399744   0.00
    1    4714       Data/single  5057362788352 1073741824  5058436530176    6694 26568572141568   0.00
    1    4720       Data/single  5063805239296 1073741824  5064878981120    6695 26569645883392   0.00
    1    4731       Data/single  5075616399360 1073741824  5076690141184    6696 26570719625216   0.00
    1    4732       Data/single  5076690141184 1073741824  5077763883008    6697 26571793367040   0.00
    1    4736       Data/single  5080985108480 1073741824  5082058850304    6698 26572867108864   0.00
    1    4737       Data/single  5082058850304 1073741824  5083132592128    6699 26573940850688   0.00
    1    4738       Data/single  5083132592128 1073741824  5084206333952    6700 26575014592512   0.00
    1    4746       Data/single  5091722526720 1073741824  5092796268544    6701 26576088334336   0.00
    1    4747       Data/single  5092796268544 1073741824  5093870010368    6702 26577162076160   0.00
    1    4755       Data/single  5101386203136 1073741824  5102459944960    6703 26578235817984   0.00
    1    4756       Data/single  5102459944960 1073741824  5103533686784    6704 26579309559808   0.00
    1    4757       Data/single  5103533686784 1073741824  5104607428608    6705 26580383301632   0.00
    1    4758       Data/single  5104607428608 1073741824  5105681170432    6706 26581457043456   0.00
