    1     376       Data/single   399470755840 1073741824   400544497664    6230 26070355935232   0.01
    1     377       Data/single   400544497664 1073741824   401618239488    6231 26071429677056   4.04
    1     379       Data/single   402691981312 1073741824   403765723136    6232 26072503418880   0.01
    1     381       Data/single   404839464960 1073741824   405913206784    6233 26073577160704   5.86
    1     382       Data/single   405913206784 1073741824   406986948608    6234 26074650902528   0.01
    1     384       Data/single   408060690432 1073741824   409134432256    6235 26075724644352  12.50
    1     386       Data/single   410208174080 1073741824   411281915904    6236 26076798386176   0.01
    1     387       Data/single   411281915904 1073741824   412355657728    6237 26077872128000  29.73
    1     393       Data/single   417724366848 1073741824   418798108672    6238 26078945869824   0.21
    1     395       Data/single   419871850496 1073741824   420945592320    6239 26080019611648  99.03
    1     396       Data/single   420945592320 1073741824   422019334144    6240 26081093353472   0.00
    1     398       Data/single   423093075968 1073741824   424166817792    6241 26082167095296   0.00
    1     400       Data/single   425240559616 1073741824   426314301440    6242 26083240837120   0.01
    1     402       Data/single   427388043264 1073741824   428461785088    6243 26084314578944   0.00
    1     404       Data/single   429535526912 1073741824   430609268736    6244 26085388320768   0.00
    1     407       Data/single   432756752384 1073741824   433830494208    6245 26086462062592   0.00
    1     408       Data/single   433830494208 1073741824   434904236032    6246 26087535804416   0.00
    1     411       Data/single   437051719680 1073741824   438125461504    6247 26088609546240   0.00
    1     413       Data/single   439199203328 1073741824   440272945152    6248 26089683288064   0.00
    1     415       Data/single   441346686976 1073741824   442420428800    6249 26090757029888   0.00
